0.5 1.021548e+04 1.013527e+04 1.017597e+04 1.025618e+04
1.5 1.022605e+04 1.022289e+04 1.017489e+04 1.017805e+04
2.5 1.034584e+04 1.024969e+04 1.017252e+04 1.026867e+04
3.5 1.027748e+04 1.021053e+04 1.017119e+04 1.023815e+04
4.5 1.016881e+04 1.016989e+04 1.017143e+04 1.017035e+04
5.5 1.020875e+04 1.014608e+04 1.017197e+04 1.023465e+04
6.5 1.013125e+04 1.013500e+04 1.017235e+04 1.016859e+04
7.5 1.010843e+04 1.013085e+04 1.017253e+04 1.015012e+04
8.5 1.008774e+04 1.012946e+04 1.017261e+04 1.013089e+04
0.9 1.011513e+04 1.016103e+04 1.017485e+04 1.012895e+04
1.9 1.017396e+04 1.024801e+04 1.017425e+04 1.010020e+04
2.9 1.028360e+04 1.024141e+04 1.017178e+04 1.021396e+04
3.9 1.019659e+04 1.019662e+04 1.017117e+04 1.017115e+04
4.9 1.010835e+04 1.016168e+04 1.017163e+04 1.011830e+04
5.9 1.008692e+04 1.014324e+04 1.017213e+04 1.011581e+04
6.9 1.008969e+04 1.013525e+04 1.017243e+04 1.012686e+04
7.9 1.024961e+04 1.013218e+04 1.017256e+04 1.028999e+04
8.9 1.014265e+04 1.013123e+04 1.017263e+04 1.018405e+04
0.4 1.003494e+04 1.013326e+04 1.017406e+04 1.007575e+04
1.4 1.013666e+04 1.020911e+04 1.017500e+04 1.010255e+04
2.4 1.029723e+04 1.025662e+04 1.017302e+04 1.021363e+04
3.4 1.023012e+04 1.022304e+04 1.017127e+04 1.017835e+04
4.4 1.004486e+04 1.017989e+04 1.017133e+04 1.003630e+04
5.4 1.005146e+04 1.015283e+04 1.017188e+04 1.007051e+04
6.4 1.011208e+04 1.013991e+04 1.017229e+04 1.014447e+04
7.4 1.013489e+04 1.013462e+04 1.017250e+04 1.017277e+04
8.4 1.006232e+04 1.013269e+04 1.017259e+04 1.010222e+04
0.8 1.019068e+04 1.015757e+04 1.017476e+04 1.020787e+04
1.8 1.023498e+04 1.024637e+04 1.017442e+04 1.016302e+04
2.8 1.023293e+04 1.024706e+04 1.017193e+04 1.015780e+04
3.8 1.018503e+04 1.020275e+04 1.017114e+04 1.015342e+04
4.8 1.014105e+04 1.016548e+04 1.017157e+04 1.014714e+04
5.8 1.016838e+04 1.014597e+04 1.017210e+04 1.019452e+04
6.8 1.012757e+04 1.013736e+04 1.017241e+04 1.016262e+04
7.8 1.016321e+04 1.013401e+04 1.017255e+04 1.020175e+04
8.8 1.011850e+04 1.013283e+04 1.017261e+04 1.015829e+04
0.3 1.018679e+04 1.013391e+04 1.017393e+04 1.022681e+04
1.3 1.027335e+04 1.020365e+04 1.017501e+04 1.024470e+04
2.3 1.032847e+04 1.025801e+04 1.017322e+04 1.024368e+04
3.3 1.020011e+04 1.022841e+04 1.017133e+04 1.014303e+04
4.3 1.016315e+04 1.018430e+04 1.017128e+04 1.015014e+04
5.3 1.016603e+04 1.015559e+04 1.017183e+04 1.018226e+04
6.3 1.015006e+04 1.014139e+04 1.017226e+04 1.018093e+04
7.3 1.018866e+04 1.013570e+04 1.017249e+04 1.022545e+04
8.3 1.023334e+04 1.013357e+04 1.017259e+04 1.027236e+04
0.7 1.011496e+04 1.014937e+04 1.017463e+04 1.014022e+04
1.7 1.023912e+04 1.024055e+04 1.017463e+04 1.017320e+04
2.7 1.026218e+04 1.025070e+04 1.017213e+04 1.018360e+04
3.7 1.019681e+04 1.020743e+04 1.017115e+04 1.016053e+04
4.7 1.013605e+04 1.016925e+04 1.017152e+04 1.013833e+04
5.7 1.013235e+04 1.014801e+04 1.017205e+04 1.015639e+04
6.7 1.013141e+04 1.013845e+04 1.017238e+04 1.016535e+04
7.7 1.009443e+04 1.013467e+04 1.017254e+04 1.013230e+04
8.7 1.015442e+04 1.013328e+04 1.017260e+04 1.019374e+04
0.2 1.014055e+04 1.013394e+04 1.017375e+04 1.018035e+04
1.2 1.012487e+04 1.019460e+04 1.017499e+04 1.010526e+04
2.2 1.024700e+04 1.025786e+04 1.017347e+04 1.016262e+04
3.2 1.018896e+04 1.023288e+04 1.017140e+04 1.012747e+04
4.2 1.015685e+04 1.018722e+04 1.017124e+04 1.014087e+04
5.2 1.012908e+04 1.015734e+04 1.017179e+04 1.014353e+04
6.2 1.014401e+04 1.014254e+04 1.017224e+04 1.017371e+04
7.2 1.016471e+04 1.013633e+04 1.017248e+04 1.020086e+04
8.2 1.020056e+04 1.013398e+04 1.017258e+04 1.023916e+04
0.6 1.013758e+04 1.014528e+04 1.017454e+04 1.016684e+04
1.6 1.025009e+04 1.023628e+04 1.017475e+04 1.018856e+04
2.6 1.027343e+04 1.025360e+04 1.017230e+04 1.019213e+04
3.6 1.020261e+04 1.021195e+04 1.017116e+04 1.016182e+04
4.6 1.010942e+04 1.017235e+04 1.017147e+04 1.010854e+04
5.6 1.012626e+04 1.014936e+04 1.017201e+04 1.014891e+04
6.6 1.011157e+04 1.013925e+04 1.017237e+04 1.014468e+04
7.6 1.023993e+04 1.013522e+04 1.017253e+04 1.027724e+04
8.6 1.012844e+04 1.013377e+04 1.017260e+04 1.016727e+04
0.1 1.013029e+04 1.013420e+04 1.017357e+04 1.016966e+04
1.1 1.009420e+04 1.018555e+04 1.017497e+04 1.008363e+04
2.1 1.026611e+04 1.025750e+04 1.017371e+04 1.018232e+04
3.1 1.024255e+04 1.023649e+04 1.017149e+04 1.017755e+04
4.1 1.016419e+04 1.019145e+04 1.017122e+04 1.014396e+04
5.1 1.021229e+04 1.015999e+04 1.017175e+04 1.022405e+04
6.1 1.027846e+04 1.014414e+04 1.017221e+04 1.030653e+04
7.1 1.018215e+04 1.013733e+04 1.017246e+04 1.021728e+04
8.1 1.008907e+04 1.013488e+04 1.017258e+04 1.012676e+04
0.6 1.012363e+04 1.014162e+04 1.017441e+04 1.015642e+04
1.6 1.029336e+04 1.023039e+04 1.017487e+04 1.023784e+04
2.6 1.029733e+04 1.025679e+04 1.017249e+04 1.021304e+04
3.6 1.024551e+04 1.021628e+04 1.017117e+04 1.020040e+04
4.6 1.014670e+04 1.017575e+04 1.017144e+04 1.014239e+04
5.6 1.014101e+04 1.015213e+04 1.017198e+04 1.016087e+04
6.6 1.015735e+04 1.014129e+04 1.017235e+04 1.018841e+04
7.6 1.013918e+04 1.013702e+04 1.017253e+04 1.017469e+04
8.6 1.011962e+04 1.013553e+04 1.017260e+04 1.015670e+04
1.0 1.023349e+04 1.017811e+04 1.017492e+04 1.023030e+04
2.0 1.025231e+04 1.025698e+04 1.017398e+04 1.016931e+04
3.0 1.033549e+04 1.024360e+04 1.017164e+04 1.026353e+04
4.0 1.017165e+04 1.019852e+04 1.017118e+04 1.014431e+04
5.0 1.010305e+04 1.016465e+04 1.017168e+04 1.011008e+04
6.0 1.015991e+04 1.014784e+04 1.017218e+04 1.018425e+04
7.0 1.018664e+04 1.014076e+04 1.017246e+04 1.021834e+04
8.0 1.011593e+04 1.013822e+04 1.017258e+04 1.015030e+04
9.0 1.008163e+04 1.013758e+04 1.017268e+04 1.011673e+04
0.5 1.007331e+04 1.014213e+04 1.017431e+04 1.010548e+04
1.5 1.017497e+04 1.022859e+04 1.017496e+04 1.012135e+04
2.5 1.024840e+04 1.026219e+04 1.017269e+04 1.015890e+04
3.5 1.019270e+04 1.022489e+04 1.017122e+04 1.013903e+04
4.5 1.019811e+04 1.018334e+04 1.017140e+04 1.018617e+04
5.5 1.012537e+04 1.015851e+04 1.017195e+04 1.013881e+04
6.5 1.017193e+04 1.014696e+04 1.017234e+04 1.019731e+04
7.5 1.015050e+04 1.014276e+04 1.017254e+04 1.018028e+04
8.5 1.015427e+04 1.014157e+04 1.017262e+04 1.018532e+04
