0.5 1.189867e+04 1.170408e+04 1.190245e+04 1.209705e+04
1.5 1.219153e+04 1.211399e+04 1.188001e+04 1.195756e+04
2.5 1.241287e+04 1.220723e+04 1.183107e+04 1.203671e+04
3.5 1.218906e+04 1.199530e+04 1.180357e+04 1.199733e+04
4.5 1.160552e+04 1.180099e+04 1.180849e+04 1.161302e+04
5.5 1.176519e+04 1.169349e+04 1.181973e+04 1.189143e+04
6.5 1.159179e+04 1.164541e+04 1.182742e+04 1.177380e+04
7.5 1.157800e+04 1.162808e+04 1.183127e+04 1.178119e+04
8.5 1.157198e+04 1.162250e+04 1.183281e+04 1.178229e+04
0.9 1.158347e+04 1.181192e+04 1.187930e+04 1.165085e+04
1.9 1.209922e+04 1.222639e+04 1.186684e+04 1.173967e+04
2.9 1.231410e+04 1.215504e+04 1.181561e+04 1.197467e+04
3.9 1.194291e+04 1.192716e+04 1.180312e+04 1.181888e+04
4.9 1.154371e+04 1.176415e+04 1.181265e+04 1.159222e+04
5.9 1.157002e+04 1.168220e+04 1.182304e+04 1.171086e+04
6.9 1.163147e+04 1.164787e+04 1.182909e+04 1.181270e+04
7.9 1.188971e+04 1.163506e+04 1.183189e+04 1.208654e+04
8.9 1.169553e+04 1.163153e+04 1.183336e+04 1.189736e+04
0.4 1.137747e+04 1.166399e+04 1.186287e+04 1.157635e+04
1.4 1.192281e+04 1.204870e+04 1.188244e+04 1.175655e+04
2.4 1.250536e+04 1.224884e+04 1.184135e+04 1.209787e+04
3.4 1.224158e+04 1.205744e+04 1.180509e+04 1.198923e+04
4.4 1.149527e+04 1.184811e+04 1.180640e+04 1.145356e+04
5.4 1.152265e+04 1.172495e+04 1.181779e+04 1.161549e+04
6.4 1.169235e+04 1.166843e+04 1.182628e+04 1.185020e+04
7.4 1.154316e+04 1.164600e+04 1.183063e+04 1.172779e+04
8.4 1.145084e+04 1.163802e+04 1.183249e+04 1.164532e+04
0.8 1.176540e+04 1.179364e+04 1.187743e+04 1.184920e+04
1.8 1.213761e+04 1.222102e+04 1.187027e+04 1.178686e+04
2.8 1.209788e+04 1.218495e+04 1.181875e+04 1.173168e+04
3.8 1.191096e+04 1.195658e+04 1.180253e+04 1.175692e+04
4.8 1.160421e+04 1.178168e+04 1.181137e+04 1.163389e+04
5.8 1.163037e+04 1.169501e+04 1.182239e+04 1.175775e+04
6.8 1.170123e+04 1.165790e+04 1.182875e+04 1.187208e+04
7.8 1.166676e+04 1.164383e+04 1.183171e+04 1.185463e+04
8.8 1.156019e+04 1.163905e+04 1.183296e+04 1.175411e+04
0.3 1.193168e+04 1.166506e+04 1.186012e+04 1.212674e+04
1.3 1.225179e+04 1.202217e+04 1.188256e+04 1.211217e+04
2.3 1.241659e+04 1.225882e+04 1.184555e+04 1.200332e+04
3.3 1.216488e+04 1.208461e+04 1.180640e+04 1.188666e+04
4.3 1.187964e+04 1.186889e+04 1.180546e+04 1.181621e+04
5.3 1.186604e+04 1.173755e+04 1.181667e+04 1.194516e+04
6.3 1.170939e+04 1.167517e+04 1.182562e+04 1.185984e+04
7.3 1.181303e+04 1.165107e+04 1.183039e+04 1.199236e+04
8.3 1.177450e+04 1.164220e+04 1.183238e+04 1.196467e+04
0.7 1.160880e+04 1.175157e+04 1.187472e+04 1.173195e+04
1.7 1.217588e+04 1.219604e+04 1.187470e+04 1.185453e+04
2.7 1.219324e+04 1.220593e+04 1.182293e+04 1.181025e+04
3.7 1.194544e+04 1.197955e+04 1.180271e+04 1.176861e+04
4.7 1.151355e+04 1.179930e+04 1.181039e+04 1.152463e+04
5.7 1.160023e+04 1.170414e+04 1.182136e+04 1.171744e+04
6.7 1.169839e+04 1.166281e+04 1.182821e+04 1.186379e+04
7.7 1.153087e+04 1.164686e+04 1.183146e+04 1.171546e+04
8.7 1.172614e+04 1.164112e+04 1.183279e+04 1.191781e+04
0.2 1.167267e+04 1.166240e+04 1.185643e+04 1.186671e+04
1.2 1.184184e+04 1.197783e+04 1.188225e+04 1.174625e+04
2.2 1.223693e+04 1.226210e+04 1.185077e+04 1.182560e+04
3.2 1.207874e+04 1.210746e+04 1.180774e+04 1.177902e+04
4.2 1.183219e+04 1.188238e+04 1.180446e+04 1.175428e+04
5.2 1.183405e+04 1.174553e+04 1.181599e+04 1.190451e+04
6.2 1.170998e+04 1.168045e+04 1.182519e+04 1.185472e+04
7.2 1.186189e+04 1.165392e+04 1.183011e+04 1.203808e+04
8.2 1.186267e+04 1.164414e+04 1.183226e+04 1.205080e+04
0.6 1.164122e+04 1.173024e+04 1.187285e+04 1.178383e+04
1.6 1.215344e+04 1.217718e+04 1.187728e+04 1.185353e+04
2.6 1.218814e+04 1.222270e+04 1.182642e+04 1.179185e+04
3.6 1.183488e+04 1.200175e+04 1.180291e+04 1.163604e+04
4.6 1.165663e+04 1.181349e+04 1.180920e+04 1.165235e+04
5.6 1.165838e+04 1.171006e+04 1.182046e+04 1.176878e+04
6.6 1.165202e+04 1.166646e+04 1.182789e+04 1.181345e+04
7.6 1.186937e+04 1.164947e+04 1.183134e+04 1.205124e+04
8.6 1.163315e+04 1.164347e+04 1.183274e+04 1.182242e+04
0.1 1.155918e+04 1.166083e+04 1.185274e+04 1.175108e+04
1.1 1.173274e+04 1.193332e+04 1.188178e+04 1.168119e+04
2.1 1.220949e+04 1.226407e+04 1.185564e+04 1.180106e+04
3.1 1.218178e+04 1.212649e+04 1.180965e+04 1.186493e+04
4.1 1.176078e+04 1.190276e+04 1.180418e+04 1.166220e+04
5.1 1.194241e+04 1.175768e+04 1.181499e+04 1.199971e+04
6.1 1.192279e+04 1.168772e+04 1.182455e+04 1.205961e+04
7.1 1.171151e+04 1.165860e+04 1.182983e+04 1.188274e+04
8.1 1.157139e+04 1.164847e+04 1.183222e+04 1.175514e+04
0.6 1.175661e+04 1.171032e+04 1.187014e+04 1.191643e+04
1.6 1.222380e+04 1.215036e+04 1.187976e+04 1.195320e+04
2.6 1.238783e+04 1.224134e+04 1.183045e+04 1.197694e+04
3.6 1.205092e+04 1.202297e+04 1.180312e+04 1.183106e+04
4.6 1.171717e+04 1.182965e+04 1.180864e+04 1.169615e+04
5.6 1.178658e+04 1.172316e+04 1.181995e+04 1.188336e+04
6.6 1.179105e+04 1.167614e+04 1.182752e+04 1.194243e+04
7.6 1.166056e+04 1.165813e+04 1.183123e+04 1.183366e+04
8.6 1.162575e+04 1.165205e+04 1.183279e+04 1.180649e+04
1.0 1.186450e+04 1.189624e+04 1.188068e+04 1.184895e+04
2.0 1.219691e+04 1.226577e+04 1.186120e+04 1.179234e+04
3.0 1.234398e+04 1.216353e+04 1.181277e+04 1.199322e+04
4.0 1.184299e+04 1.193662e+04 1.180336e+04 1.170973e+04
5.0 1.156506e+04 1.177943e+04 1.181371e+04 1.159934e+04
6.0 1.173310e+04 1.170542e+04 1.182407e+04 1.185175e+04
7.0 1.181241e+04 1.167519e+04 1.182971e+04 1.196693e+04
8.0 1.159901e+04 1.166475e+04 1.183226e+04 1.176652e+04
9.0 1.148609e+04 1.166330e+04 1.183442e+04 1.165721e+04
0.5 1.160075e+04 1.171122e+04 1.186807e+04 1.175760e+04
1.5 1.205116e+04 1.214293e+04 1.188154e+04 1.178977e+04
2.5 1.225479e+04 1.227082e+04 1.183455e+04 1.181852e+04
3.5 1.218127e+04 1.206572e+04 1.180412e+04 1.191967e+04
4.5 1.192877e+04 1.186604e+04 1.180786e+04 1.187059e+04
5.5 1.163229e+04 1.175374e+04 1.181924e+04 1.169779e+04
6.5 1.184555e+04 1.170360e+04 1.182730e+04 1.196925e+04
7.5 1.160200e+04 1.168627e+04 1.183141e+04 1.174714e+04
8.5 1.176469e+04 1.168173e+04 1.183309e+04 1.191605e+04
