1.189867e+04 1.163583e+04 1.170408e+04 1.183042e+04
1.219153e+04 1.206819e+04 1.211399e+04 1.214573e+04
1.241287e+04 1.221036e+04 1.220723e+04 1.241600e+04
1.218906e+04 1.202594e+04 1.199530e+04 1.221970e+04
1.160552e+04 1.182671e+04 1.180099e+04 1.163124e+04
1.176519e+04 1.170797e+04 1.169349e+04 1.177966e+04
1.159179e+04 1.165219e+04 1.164541e+04 1.159857e+04
1.157800e+04 1.163102e+04 1.162808e+04 1.158094e+04
1.157198e+04 1.162390e+04 1.162250e+04 1.157339e+04
1.169899e+04 1.162216e+04 1.163285e+04 1.168830e+04
1.158347e+04 1.176683e+04 1.181192e+04 1.153838e+04
1.209922e+04 1.219375e+04 1.222639e+04 1.206659e+04
1.231410e+04 1.217364e+04 1.215504e+04 1.233270e+04
1.194291e+04 1.195825e+04 1.192716e+04 1.197400e+04
1.154371e+04 1.178570e+04 1.176415e+04 1.156527e+04
1.157002e+04 1.169336e+04 1.168220e+04 1.158118e+04
1.163147e+04 1.165298e+04 1.164787e+04 1.163659e+04
1.188971e+04 1.163738e+04 1.163506e+04 1.189203e+04
1.169553e+04 1.163238e+04 1.163153e+04 1.169638e+04
1.137747e+04 1.163533e+04 1.166399e+04 1.134881e+04
1.192281e+04 1.200046e+04 1.204870e+04 1.187458e+04
1.250536e+04 1.224170e+04 1.224884e+04 1.249821e+04
1.224158e+04 1.208656e+04 1.205744e+04 1.227070e+04
1.149527e+04 1.187592e+04 1.184811e+04 1.152309e+04
1.152265e+04 1.174137e+04 1.172495e+04 1.153907e+04
1.169235e+04 1.167636e+04 1.166843e+04 1.170029e+04
1.154316e+04 1.164957e+04 1.164600e+04 1.154673e+04
1.145084e+04 1.163973e+04 1.163802e+04 1.145256e+04
1.180588e+04 1.163648e+04 1.164462e+04 1.179774e+04
1.176540e+04 1.175042e+04 1.179364e+04 1.172218e+04
1.213761e+04 1.218496e+04 1.222102e+04 1.210155e+04
1.209788e+04 1.220042e+04 1.218495e+04 1.211335e+04
1.191096e+04 1.198825e+04 1.195658e+04 1.194264e+04
1.160421e+04 1.180452e+04 1.178168e+04 1.162705e+04
1.163037e+04 1.170683e+04 1.169501e+04 1.164219e+04
1.170123e+04 1.166336e+04 1.165790e+04 1.170668e+04
1.166676e+04 1.164633e+04 1.164383e+04 1.166926e+04
1.156019e+04 1.164029e+04 1.163905e+04 1.156144e+04
1.193168e+04 1.163915e+04 1.166506e+04 1.190577e+04
1.225179e+04 1.197382e+04 1.202217e+04 1.220344e+04
1.241659e+04 1.224748e+04 1.225882e+04 1.240526e+04
1.216488e+04 1.211242e+04 1.208461e+04 1.219269e+04
1.187964e+04 1.189763e+04 1.186889e+04 1.190838e+04
1.186604e+04 1.175509e+04 1.173755e+04 1.188358e+04
1.170939e+04 1.168376e+04 1.167517e+04 1.171798e+04
1.181303e+04 1.165488e+04 1.165107e+04 1.181685e+04
1.177450e+04 1.164403e+04 1.164220e+04 1.177632e+04
1.184077e+04 1.164028e+04 1.164496e+04 1.183609e+04
1.160880e+04 1.171106e+04 1.175157e+04 1.156829e+04
1.217588e+04 1.215555e+04 1.219604e+04 1.213539e+04
1.219324e+04 1.221720e+04 1.220593e+04 1.220452e+04
1.194544e+04 1.201104e+04 1.197955e+04 1.197694e+04
1.151355e+04 1.182312e+04 1.179930e+04 1.153737e+04
1.160023e+04 1.171699e+04 1.170414e+04 1.161308e+04
1.169839e+04 1.166881e+04 1.166281e+04 1.170439e+04
1.153087e+04 1.164961e+04 1.164686e+04 1.153362e+04
1.172614e+04 1.164254e+04 1.164112e+04 1.172756e+04
1.167267e+04 1.164018e+04 1.166240e+04 1.165045e+04
1.184184e+04 1.192979e+04 1.197783e+04 1.179380e+04
1.223693e+04 1.224554e+04 1.226210e+04 1.222037e+04
1.207874e+04 1.213392e+04 1.210746e+04 1.210520e+04
1.183219e+04 1.191212e+04 1.188238e+04 1.186194e+04
1.183405e+04 1.176375e+04 1.174553e+04 1.185228e+04
1.170998e+04 1.168947e+04 1.168045e+04 1.171900e+04
1.186189e+04 1.165802e+04 1.165392e+04 1.186600e+04
1.186267e+04 1.164608e+04 1.164414e+04 1.186462e+04
1.169278e+04 1.164191e+04 1.164487e+04 1.168982e+04
1.164122e+04 1.169160e+04 1.173024e+04 1.160258e+04
1.215344e+04 1.213412e+04 1.217718e+04 1.211037e+04
1.218814e+04 1.223050e+04 1.222270e+04 1.219593e+04
1.183488e+04 1.203305e+04 1.200175e+04 1.186618e+04
1.165663e+04 1.183850e+04 1.181349e+04 1.168164e+04
1.165838e+04 1.172381e+04 1.171006e+04 1.167213e+04
1.165202e+04 1.167278e+04 1.166646e+04 1.165834e+04
1.186937e+04 1.165235e+04 1.164947e+04 1.187225e+04
1.163315e+04 1.164493e+04 1.164347e+04 1.163461e+04
1.155918e+04 1.164231e+04 1.166083e+04 1.154066e+04
1.173274e+04 1.188575e+04 1.193332e+04 1.168517e+04
1.220949e+04 1.224264e+04 1.226407e+04 1.218806e+04
1.218178e+04 1.215105e+04 1.212649e+04 1.220633e+04
1.176078e+04 1.193279e+04 1.190276e+04 1.179081e+04
1.194241e+04 1.177690e+04 1.175768e+04 1.196163e+04
1.192279e+04 1.169738e+04 1.168772e+04 1.193245e+04
1.171151e+04 1.166298e+04 1.165860e+04 1.171589e+04
1.157139e+04 1.165046e+04 1.164847e+04 1.157338e+04
1.148219e+04 1.164627e+04 1.164751e+04 1.148094e+04
1.175661e+04 1.167439e+04 1.171032e+04 1.172068e+04
1.222380e+04 1.210480e+04 1.215036e+04 1.217824e+04
1.238783e+04 1.224510e+04 1.224134e+04 1.239159e+04
1.205092e+04 1.205406e+04 1.202297e+04 1.208201e+04
1.171717e+04 1.185522e+04 1.182965e+04 1.174274e+04
1.178658e+04 1.173742e+04 1.172316e+04 1.180083e+04
1.179105e+04 1.168283e+04 1.167614e+04 1.179774e+04
1.166056e+04 1.166111e+04 1.165813e+04 1.166354e+04
1.162575e+04 1.165347e+04 1.165205e+04 1.162717e+04
1.177461e+04 1.165145e+04 1.166644e+04 1.175962e+04
1.186450e+04 1.184976e+04 1.189624e+04 1.181802e+04
1.219691e+04 1.223878e+04 1.226577e+04 1.216991e+04
1.234398e+04 1.218497e+04 1.216353e+04 1.236541e+04
1.184299e+04 1.196747e+04 1.193662e+04 1.187383e+04
1.156506e+04 1.179993e+04 1.177943e+04 1.158555e+04
1.173310e+04 1.171555e+04 1.170542e+04 1.174323e+04
1.181241e+04 1.167969e+04 1.167519e+04 1.181691e+04
1.159901e+04 1.166671e+04 1.166475e+04 1.160097e+04
1.148609e+04 1.166308e+04 1.166330e+04 1.148587e+04
1.160075e+04 1.167735e+04 1.171122e+04 1.156688e+04
1.205116e+04 1.209560e+04 1.214293e+04 1.200383e+04
1.225479e+04 1.227048e+04 1.227082e+04 1.225445e+04
1.218127e+04 1.209581e+04 1.206572e+04 1.221136e+04
1.192877e+04 1.189239e+04 1.186604e+04 1.195512e+04
1.163229e+04 1.176870e+04 1.175374e+04 1.164725e+04
1.184555e+04 1.171051e+04 1.170360e+04 1.185246e+04
1.160200e+04 1.168907e+04 1.168627e+04 1.160480e+04
1.176469e+04 1.168285e+04 1.168173e+04 1.176581e+04
1.182206e+04 1.168262e+04 1.168197e+04 1.182270e+04
