1.021548e+04 1.013198e+04 1.013527e+04 1.021219e+04
1.022605e+04 1.022067e+04 1.022289e+04 1.022384e+04
1.034584e+04 1.024984e+04 1.024969e+04 1.034599e+04
1.027748e+04 1.021201e+04 1.021053e+04 1.027896e+04
1.016881e+04 1.017114e+04 1.016989e+04 1.017005e+04
1.020875e+04 1.014678e+04 1.014608e+04 1.020945e+04
1.013125e+04 1.013533e+04 1.013500e+04 1.013158e+04
1.010843e+04 1.013099e+04 1.013085e+04 1.010858e+04
1.008774e+04 1.012953e+04 1.012946e+04 1.008781e+04
1.012819e+04 1.012917e+04 1.012969e+04 1.012768e+04
1.011513e+04 1.015885e+04 1.016103e+04 1.011295e+04
1.017396e+04 1.024644e+04 1.024801e+04 1.017238e+04
1.028360e+04 1.024231e+04 1.024141e+04 1.028450e+04
1.019659e+04 1.019812e+04 1.019662e+04 1.019809e+04
1.010835e+04 1.016272e+04 1.016168e+04 1.010939e+04
1.008692e+04 1.014378e+04 1.014324e+04 1.008746e+04
1.008969e+04 1.013549e+04 1.013525e+04 1.008993e+04
1.024961e+04 1.013229e+04 1.013218e+04 1.024972e+04
1.014265e+04 1.013127e+04 1.013123e+04 1.014269e+04
1.003494e+04 1.013187e+04 1.013326e+04 1.003356e+04
1.013666e+04 1.020678e+04 1.020911e+04 1.013432e+04
1.029723e+04 1.025627e+04 1.025662e+04 1.029689e+04
1.023012e+04 1.022444e+04 1.022304e+04 1.023153e+04
1.004486e+04 1.018123e+04 1.017989e+04 1.004620e+04
1.005146e+04 1.015363e+04 1.015283e+04 1.005225e+04
1.011208e+04 1.014029e+04 1.013991e+04 1.011247e+04
1.013489e+04 1.013479e+04 1.013462e+04 1.013507e+04
1.006232e+04 1.013278e+04 1.013269e+04 1.006241e+04
1.013300e+04 1.013211e+04 1.013250e+04 1.013261e+04
1.019068e+04 1.015548e+04 1.015757e+04 1.018859e+04
1.023498e+04 1.024463e+04 1.024637e+04 1.023324e+04
1.023293e+04 1.024780e+04 1.024706e+04 1.023368e+04
1.018503e+04 1.020428e+04 1.020275e+04 1.018656e+04
1.014105e+04 1.016658e+04 1.016548e+04 1.014216e+04
1.016838e+04 1.014654e+04 1.014597e+04 1.016895e+04
1.012757e+04 1.013762e+04 1.013736e+04 1.012783e+04
1.016321e+04 1.013413e+04 1.013401e+04 1.016333e+04
1.011850e+04 1.013289e+04 1.013283e+04 1.011856e+04
1.018679e+04 1.013266e+04 1.013391e+04 1.018554e+04
1.027335e+04 1.020132e+04 1.020365e+04 1.027101e+04
1.032847e+04 1.025746e+04 1.025801e+04 1.032792e+04
1.020011e+04 1.022975e+04 1.022841e+04 1.020145e+04
1.016315e+04 1.018568e+04 1.018430e+04 1.016454e+04
1.016603e+04 1.015644e+04 1.015559e+04 1.016688e+04
1.015006e+04 1.014181e+04 1.014139e+04 1.015047e+04
1.018866e+04 1.013588e+04 1.013570e+04 1.018885e+04
1.023334e+04 1.013366e+04 1.013357e+04 1.023343e+04
1.022523e+04 1.013289e+04 1.013312e+04 1.022500e+04
1.011496e+04 1.014741e+04 1.014937e+04 1.011300e+04
1.023912e+04 1.023860e+04 1.024055e+04 1.023717e+04
1.026218e+04 1.025125e+04 1.025070e+04 1.026272e+04
1.019681e+04 1.020895e+04 1.020743e+04 1.019833e+04
1.013605e+04 1.017040e+04 1.016925e+04 1.013720e+04
1.013235e+04 1.014863e+04 1.014801e+04 1.013297e+04
1.013141e+04 1.013874e+04 1.013845e+04 1.013170e+04
1.009443e+04 1.013480e+04 1.013467e+04 1.009456e+04
1.015442e+04 1.013335e+04 1.013328e+04 1.015449e+04
1.014055e+04 1.013287e+04 1.013394e+04 1.013947e+04
1.012487e+04 1.019228e+04 1.019460e+04 1.012255e+04
1.024700e+04 1.025706e+04 1.025786e+04 1.024620e+04
1.018896e+04 1.023416e+04 1.023288e+04 1.019024e+04
1.015685e+04 1.018866e+04 1.018722e+04 1.015829e+04
1.012908e+04 1.015822e+04 1.015734e+04 1.012996e+04
1.014401e+04 1.014298e+04 1.014254e+04 1.014445e+04
1.016471e+04 1.013653e+04 1.013633e+04 1.016491e+04
1.020056e+04 1.013408e+04 1.013398e+04 1.020066e+04
1.019428e+04 1.013322e+04 1.013337e+04 1.019413e+04
1.013758e+04 1.014342e+04 1.014528e+04 1.013572e+04
1.025009e+04 1.023420e+04 1.023628e+04 1.024800e+04
1.027343e+04 1.025397e+04 1.025360e+04 1.027381e+04
1.020261e+04 1.021347e+04 1.021195e+04 1.020412e+04
1.010942e+04 1.017355e+04 1.017235e+04 1.011063e+04
1.012626e+04 1.015002e+04 1.014936e+04 1.012692e+04
1.011157e+04 1.013956e+04 1.013925e+04 1.011187e+04
1.023993e+04 1.013536e+04 1.013522e+04 1.024006e+04
1.012844e+04 1.013384e+04 1.013377e+04 1.012851e+04
1.013029e+04 1.013330e+04 1.013420e+04 1.012940e+04
1.009420e+04 1.018325e+04 1.018555e+04 1.009190e+04
1.026611e+04 1.025646e+04 1.025750e+04 1.026508e+04
1.024255e+04 1.023767e+04 1.023649e+04 1.024374e+04
1.016419e+04 1.019290e+04 1.019145e+04 1.016564e+04
1.021229e+04 1.016092e+04 1.015999e+04 1.021322e+04
1.027846e+04 1.014460e+04 1.014414e+04 1.027893e+04
1.018215e+04 1.013755e+04 1.013733e+04 1.018237e+04
1.008907e+04 1.013498e+04 1.013488e+04 1.008916e+04
1.007257e+04 1.013412e+04 1.013418e+04 1.007251e+04
1.012363e+04 1.013989e+04 1.014162e+04 1.012189e+04
1.029336e+04 1.022819e+04 1.023039e+04 1.029116e+04
1.029733e+04 1.025697e+04 1.025679e+04 1.029751e+04
1.024551e+04 1.021778e+04 1.021628e+04 1.024701e+04
1.014670e+04 1.017698e+04 1.017575e+04 1.014794e+04
1.014101e+04 1.015282e+04 1.015213e+04 1.014170e+04
1.015735e+04 1.014162e+04 1.014129e+04 1.015767e+04
1.013918e+04 1.013716e+04 1.013702e+04 1.013932e+04
1.011962e+04 1.013560e+04 1.013553e+04 1.011969e+04
1.013239e+04 1.013518e+04 1.013590e+04 1.013166e+04
1.023349e+04 1.017586e+04 1.017811e+04 1.023124e+04
1.025231e+04 1.025567e+04 1.025698e+04 1.025100e+04
1.033549e+04 1.024463e+04 1.024360e+04 1.033652e+04
1.017165e+04 1.020001e+04 1.019852e+04 1.017314e+04
1.010305e+04 1.016564e+04 1.016465e+04 1.010404e+04
1.015991e+04 1.014833e+04 1.014784e+04 1.016040e+04
1.018664e+04 1.014097e+04 1.014076e+04 1.018686e+04
1.011593e+04 1.013831e+04 1.013822e+04 1.011603e+04
1.008163e+04 1.013757e+04 1.013758e+04 1.008162e+04
1.007331e+04 1.014049e+04 1.014213e+04 1.007167e+04
1.017497e+04 1.022630e+04 1.022859e+04 1.017268e+04
1.024840e+04 1.026218e+04 1.026219e+04 1.024838e+04
1.019270e+04 1.022634e+04 1.022489e+04 1.019415e+04
1.019811e+04 1.018461e+04 1.018334e+04 1.019938e+04
1.012537e+04 1.015923e+04 1.015851e+04 1.012609e+04
1.017193e+04 1.014730e+04 1.014696e+04 1.017227e+04
1.015050e+04 1.014290e+04 1.014276e+04 1.015064e+04
1.015427e+04 1.014162e+04 1.014157e+04 1.015432e+04
1.020831e+04 1.014157e+04 1.014154e+04 1.020834e+04
