0.5 1.002500e+04 1.016661e+04 1.024655e+04 1.010494e+04
1.5 1.041748e+04 1.031965e+04 1.022649e+04 1.032431e+04
2.5 1.043316e+04 1.033283e+04 1.018274e+04 1.028307e+04
3.5 1.018977e+04 1.023442e+04 1.015815e+04 1.011349e+04
4.5 1.008143e+04 1.015908e+04 1.016254e+04 1.008489e+04
5.5 1.011923e+04 1.012162e+04 1.017259e+04 1.017021e+04
6.5 1.027599e+04 1.010618e+04 1.017947e+04 1.034927e+04
7.5 1.018625e+04 1.010116e+04 1.018290e+04 1.026799e+04
8.5 1.009437e+04 1.009970e+04 1.018428e+04 1.017894e+04
1.0 1.008311e+04 1.021685e+04 1.022707e+04 1.009333e+04
2.0 1.031954e+04 1.036060e+04 1.021048e+04 1.016941e+04
3.0 1.024840e+04 1.029508e+04 1.016637e+04 1.011968e+04
4.0 1.020013e+04 1.019981e+04 1.015812e+04 1.015844e+04
5.0 1.008216e+04 1.014291e+04 1.016723e+04 1.010647e+04
6.0 9.925172e+03 1.011739e+04 1.017621e+04 9.983992e+03
7.0 1.007224e+04 1.010760e+04 1.018129e+04 1.014593e+04
8.0 1.009761e+04 1.010423e+04 1.018359e+04 1.017697e+04
9.0 1.002975e+04 1.010441e+04 1.018555e+04 1.011088e+04
0.5 1.003231e+04 1.013910e+04 1.021491e+04 1.010812e+04
1.5 1.038840e+04 1.031499e+04 1.022774e+04 1.030116e+04
2.5 1.040485e+04 1.034773e+04 1.018637e+04 1.024349e+04
3.5 1.024940e+04 1.024888e+04 1.015835e+04 1.015887e+04
4.5 1.016448e+04 1.017038e+04 1.016174e+04 1.015584e+04
5.5 1.020828e+04 1.013046e+04 1.017192e+04 1.024975e+04
6.5 1.023624e+04 1.011391e+04 1.017905e+04 1.030138e+04
7.5 1.015244e+04 1.010786e+04 1.018261e+04 1.022719e+04
8.5 1.013813e+04 1.010587e+04 1.018411e+04 1.021636e+04
0.9 1.028465e+04 1.020805e+04 1.022573e+04 1.030234e+04
1.9 1.050304e+04 1.036251e+04 1.021385e+04 1.035439e+04
2.9 1.030260e+04 1.030905e+04 1.016881e+04 1.016237e+04
3.9 1.012512e+04 1.021116e+04 1.015745e+04 1.007141e+04
4.9 1.001849e+04 1.014930e+04 1.016609e+04 1.003527e+04
5.9 1.008766e+04 1.012229e+04 1.017565e+04 1.014101e+04
6.9 1.007773e+04 1.011159e+04 1.018099e+04 1.014713e+04
7.9 1.013291e+04 1.010782e+04 1.018344e+04 1.020853e+04
8.9 1.018606e+04 1.010691e+04 1.018472e+04 1.026387e+04
0.4 1.014131e+04 1.013505e+04 1.021186e+04 1.021812e+04
1.4 1.040346e+04 1.030204e+04 1.022858e+04 1.033000e+04
2.4 1.026143e+04 1.035644e+04 1.019110e+04 1.009609e+04
3.4 1.021754e+04 1.026268e+04 1.015948e+04 1.011434e+04
4.4 1.015552e+04 1.017935e+04 1.016062e+04 1.013680e+04
5.4 1.011829e+04 1.013547e+04 1.017075e+04 1.015357e+04
6.4 1.000744e+04 1.011658e+04 1.017837e+04 1.006924e+04
7.4 1.008776e+04 1.010994e+04 1.018235e+04 1.016017e+04
8.4 1.009393e+04 1.010762e+04 1.018399e+04 1.017030e+04
0.8 1.024822e+04 1.019193e+04 1.022414e+04 1.028044e+04
1.8 1.038744e+04 1.035913e+04 1.021749e+04 1.024579e+04
2.8 1.014120e+04 1.031759e+04 1.017134e+04 9.994945e+03
3.8 1.010830e+04 1.021824e+04 1.015746e+04 1.004752e+04
4.8 1.015499e+04 1.015459e+04 1.016544e+04 1.016584e+04
5.8 1.014433e+04 1.012492e+04 1.017494e+04 1.019436e+04
6.8 1.019102e+04 1.011314e+04 1.018063e+04 1.025852e+04
7.8 1.019715e+04 1.010890e+04 1.018327e+04 1.027152e+04
8.8 1.016576e+04 1.010756e+04 1.018444e+04 1.024264e+04
0.3 1.010806e+04 1.013154e+04 1.020869e+04 1.018520e+04
1.3 1.039961e+04 1.028529e+04 1.022871e+04 1.034303e+04
2.3 1.035715e+04 1.036180e+04 1.019568e+04 1.019103e+04
3.3 1.026588e+04 1.027242e+04 1.016038e+04 1.015383e+04
4.3 1.033152e+04 1.018404e+04 1.015966e+04 1.030715e+04
5.3 1.008048e+04 1.013821e+04 1.017015e+04 1.011241e+04
6.3 1.006958e+04 1.011842e+04 1.017801e+04 1.012917e+04
7.3 1.010836e+04 1.011096e+04 1.018212e+04 1.017952e+04
8.3 1.007927e+04 1.010838e+04 1.018389e+04 1.015478e+04
0.7 1.012737e+04 1.017670e+04 1.022227e+04 1.017293e+04
1.7 1.030995e+04 1.035327e+04 1.022120e+04 1.017788e+04
2.7 1.032068e+04 1.032893e+04 1.017497e+04 1.016672e+04
3.7 1.021304e+04 1.022888e+04 1.015740e+04 1.014156e+04
4.7 9.983479e+03 1.016044e+04 1.016414e+04 9.987180e+03
5.7 1.004961e+04 1.012720e+04 1.017400e+04 1.009641e+04
6.7 1.007874e+04 1.011459e+04 1.018028e+04 1.014442e+04
7.7 1.005153e+04 1.010996e+04 1.018313e+04 1.012470e+04
8.7 1.000372e+04 1.010843e+04 1.018428e+04 1.007958e+04
0.2 1.003087e+04 1.012778e+04 1.020459e+04 1.010769e+04
1.2 1.027992e+04 1.026310e+04 1.022850e+04 1.024532e+04
2.2 1.023738e+04 1.036690e+04 1.020120e+04 1.007169e+04
3.2 1.034438e+04 1.028335e+04 1.016223e+04 1.022327e+04
4.2 1.039480e+04 1.019334e+04 1.015916e+04 1.036062e+04
5.2 1.027342e+04 1.014316e+04 1.016905e+04 1.029931e+04
6.2 1.015489e+04 1.012127e+04 1.017733e+04 1.021095e+04
7.2 1.010075e+04 1.011284e+04 1.018183e+04 1.016974e+04
8.2 1.022782e+04 1.011018e+04 1.018384e+04 1.030148e+04
0.7 1.007691e+04 1.016496e+04 1.022013e+04 1.013208e+04
1.7 1.031860e+04 1.034623e+04 1.022410e+04 1.019647e+04
2.7 1.037177e+04 1.033913e+04 1.017827e+04 1.021092e+04
3.7 1.035577e+04 1.023729e+04 1.015737e+04 1.027585e+04
4.7 1.022892e+04 1.016649e+04 1.016361e+04 1.022605e+04
5.7 1.015389e+04 1.013213e+04 1.017357e+04 1.019534e+04
6.7 1.016377e+04 1.011833e+04 1.017998e+04 1.022541e+04
7.7 1.003985e+04 1.011348e+04 1.018306e+04 1.010943e+04
8.7 1.008639e+04 1.011200e+04 1.018432e+04 1.015871e+04
0.1 1.020398e+04 1.012913e+04 1.020221e+04 1.027707e+04
1.1 1.009995e+04 1.025271e+04 1.022802e+04 1.007526e+04
2.1 1.031575e+04 1.037207e+04 1.020515e+04 1.014882e+04
3.1 1.038582e+04 1.029752e+04 1.016419e+04 1.025250e+04
4.1 1.026182e+04 1.020465e+04 1.015848e+04 1.021566e+04
5.1 1.015511e+04 1.015045e+04 1.016817e+04 1.017283e+04
6.1 1.011513e+04 1.012791e+04 1.017709e+04 1.016430e+04
7.1 1.012492e+04 1.011947e+04 1.018181e+04 1.018726e+04
8.1 1.023372e+04 1.011690e+04 1.018391e+04 1.030073e+04
0.5 1.015341e+04 1.015961e+04 1.021785e+04 1.021165e+04
1.5 1.042515e+04 1.034310e+04 1.022678e+04 1.030883e+04
2.5 1.027914e+04 1.035567e+04 1.018274e+04 1.010620e+04
3.5 1.025392e+04 1.025714e+04 1.015820e+04 1.015498e+04
4.5 1.014598e+04 1.018190e+04 1.016267e+04 1.012675e+04
5.5 1.015493e+04 1.014473e+04 1.017279e+04 1.018299e+04
6.5 1.005696e+04 1.012973e+04 1.017971e+04 1.010693e+04
7.5 1.002519e+04 1.012526e+04 1.018319e+04 1.008311e+04
8.5 1.008524e+04 1.012445e+04 1.018460e+04 1.014539e+04
