0.5 9.362324e+03 9.410934e+03 9.449454e+03 9.400844e+03
1.5 9.515259e+03 9.496644e+03 9.451751e+03 9.470366e+03
2.5 9.605981e+03 9.529084e+03 9.456762e+03 9.533659e+03
3.5 9.466781e+03 9.496333e+03 9.459579e+03 9.430026e+03
4.5 9.343801e+03 9.457408e+03 9.459076e+03 9.345470e+03
5.5 9.422160e+03 9.433360e+03 9.457924e+03 9.446724e+03
6.5 9.497570e+03 9.421822e+03 9.457137e+03 9.532885e+03
7.5 9.466890e+03 9.417352e+03 9.456744e+03 9.506281e+03
8.5 9.448952e+03 9.415831e+03 9.456586e+03 9.489707e+03
1.0 9.414859e+03 9.446761e+03 9.451685e+03 9.419782e+03
2.0 9.529543e+03 9.525926e+03 9.453585e+03 9.457203e+03
3.0 9.553417e+03 9.520660e+03 9.458638e+03 9.491396e+03
4.0 9.484301e+03 9.479672e+03 9.459583e+03 9.464211e+03
5.0 9.395952e+03 9.446822e+03 9.458539e+03 9.407669e+03
6.0 9.343556e+03 9.429167e+03 9.457511e+03 9.371899e+03
7.0 9.383291e+03 9.421421e+03 9.456929e+03 9.418799e+03
8.0 9.441551e+03 9.418423e+03 9.456664e+03 9.479792e+03
9.0 9.396316e+03 9.417343e+03 9.456441e+03 9.435414e+03
0.5 9.390718e+03 9.416549e+03 9.453078e+03 9.427247e+03
1.5 9.524587e+03 9.493649e+03 9.451608e+03 9.482546e+03
2.5 9.582296e+03 9.534101e+03 9.456346e+03 9.504542e+03
3.5 9.452619e+03 9.503180e+03 9.459556e+03 9.408995e+03
4.5 9.408540e+03 9.463332e+03 9.459168e+03 9.404375e+03
5.5 9.471733e+03 9.438020e+03 9.458001e+03 9.491714e+03
6.5 9.488959e+03 9.425795e+03 9.457185e+03 9.520349e+03
7.5 9.442294e+03 9.420757e+03 9.456777e+03 9.478315e+03
8.5 9.422134e+03 9.418908e+03 9.456606e+03 9.459832e+03
0.9 9.465444e+03 9.443317e+03 9.451838e+03 9.473965e+03
1.9 9.620231e+03 9.524830e+03 9.453199e+03 9.548600e+03
2.9 9.561986e+03 9.525933e+03 9.458358e+03 9.494410e+03
3.9 9.474619e+03 9.485543e+03 9.459659e+03 9.448736e+03
4.9 9.385059e+03 9.450582e+03 9.458670e+03 9.393147e+03
5.9 9.415684e+03 9.431864e+03 9.457575e+03 9.441394e+03
6.9 9.399393e+03 9.423520e+03 9.456962e+03 9.432835e+03
7.9 9.423017e+03 9.420243e+03 9.456682e+03 9.459456e+03
8.9 9.437805e+03 9.419044e+03 9.456536e+03 9.475297e+03
0.4 9.439966e+03 9.416417e+03 9.453427e+03 9.476976e+03
1.4 9.446407e+03 9.486911e+03 9.451512e+03 9.411008e+03
2.4 9.465251e+03 9.535478e+03 9.455805e+03 9.385578e+03
3.4 9.483548e+03 9.509155e+03 9.459427e+03 9.433820e+03
4.4 9.440315e+03 9.468318e+03 9.459295e+03 9.431292e+03
5.4 9.399152e+03 9.441138e+03 9.458136e+03 9.416149e+03
6.4 9.383195e+03 9.427484e+03 9.457262e+03 9.412974e+03
7.4 9.402413e+03 9.421914e+03 9.456807e+03 9.437305e+03
8.4 9.416073e+03 9.419822e+03 9.456619e+03 9.452870e+03
0.8 9.471364e+03 9.436498e+03 9.452020e+03 9.486886e+03
1.8 9.504434e+03 9.521037e+03 9.452782e+03 9.436179e+03
2.8 9.414437e+03 9.528545e+03 9.458068e+03 9.343960e+03
3.8 9.361259e+03 9.488946e+03 9.459658e+03 9.331970e+03
4.8 9.393815e+03 9.453513e+03 9.458744e+03 9.399046e+03
5.8 9.388107e+03 9.433549e+03 9.457655e+03 9.412214e+03
6.8 9.452826e+03 9.424481e+03 9.457004e+03 9.485349e+03
7.8 9.461474e+03 9.420866e+03 9.456702e+03 9.497310e+03
8.8 9.453248e+03 9.419522e+03 9.456568e+03 9.490293e+03
0.3 9.435708e+03 9.416618e+03 9.453790e+03 9.472881e+03
1.3 9.516890e+03 9.478760e+03 9.451496e+03 9.489626e+03
2.3 9.595898e+03 9.535327e+03 9.455280e+03 9.515851e+03
3.3 9.593962e+03 9.513315e+03 9.459324e+03 9.539971e+03
4.3 9.562139e+03 9.471150e+03 9.459405e+03 9.550394e+03
5.3 9.486604e+03 9.442816e+03 9.458205e+03 9.501993e+03
6.3 9.453005e+03 9.428590e+03 9.457304e+03 9.481718e+03
7.3 9.441861e+03 9.422544e+03 9.456834e+03 9.476151e+03
8.3 9.445485e+03 9.420242e+03 9.456630e+03 9.481874e+03
0.7 9.487225e+03 9.430279e+03 9.452235e+03 9.509182e+03
1.7 9.517813e+03 9.515999e+03 9.452357e+03 9.454171e+03
2.7 9.586225e+03 9.531839e+03 9.457652e+03 9.512038e+03
3.7 9.513102e+03 9.494110e+03 9.459665e+03 9.478657e+03
4.7 9.408603e+03 9.457109e+03 9.458893e+03 9.410387e+03
5.7 9.383853e+03 9.435211e+03 9.457763e+03 9.406404e+03
6.7 9.403932e+03 9.425393e+03 9.457044e+03 9.435583e+03
7.7 9.390910e+03 9.421460e+03 9.456717e+03 9.426167e+03
8.7 9.364846e+03 9.420032e+03 9.456585e+03 9.401399e+03
0.2 9.392480e+03 9.417243e+03 9.454259e+03 9.429495e+03
1.2 9.426491e+03 9.468192e+03 9.451521e+03 9.409820e+03
2.2 9.492362e+03 9.534490e+03 9.454647e+03 9.412519e+03
3.2 9.553293e+03 9.517472e+03 9.459111e+03 9.494932e+03
4.2 9.554294e+03 9.475934e+03 9.459463e+03 9.537823e+03
5.2 9.498101e+03 9.445855e+03 9.458330e+03 9.510576e+03
6.2 9.418279e+03 9.430367e+03 9.457382e+03 9.445294e+03
7.2 9.351917e+03 9.423624e+03 9.456867e+03 9.385160e+03
8.2 9.458516e+03 9.421145e+03 9.456637e+03 9.494007e+03
0.7 9.389704e+03 9.425894e+03 9.452479e+03 9.416289e+03
1.7 9.478615e+03 9.510873e+03 9.452025e+03 9.419766e+03
2.7 9.551611e+03 9.534785e+03 9.457274e+03 9.474101e+03
3.7 9.545636e+03 9.498179e+03 9.459668e+03 9.507125e+03
4.7 9.475870e+03 9.460337e+03 9.458953e+03 9.474486e+03
5.7 9.441141e+03 9.437842e+03 9.457812e+03 9.461111e+03
6.7 9.406746e+03 9.427374e+03 9.457079e+03 9.436451e+03
7.7 9.399553e+03 9.423198e+03 9.456726e+03 9.433081e+03
8.7 9.388074e+03 9.421731e+03 9.456581e+03 9.422924e+03
0.1 9.430444e+03 9.419313e+03 9.454532e+03 9.465662e+03
1.1 9.417410e+03 9.463473e+03 9.451576e+03 9.405513e+03
2.1 9.490520e+03 9.534631e+03 9.454196e+03 9.410084e+03
3.1 9.556202e+03 9.523134e+03 9.458887e+03 9.491955e+03
4.1 9.459452e+03 9.481787e+03 9.459541e+03 9.437205e+03
5.1 9.475475e+03 9.449891e+03 9.458431e+03 9.484014e+03
6.1 9.464267e+03 9.433715e+03 9.457410e+03 9.487962e+03
7.1 9.450288e+03 9.426831e+03 9.456869e+03 9.480326e+03
8.1 9.468911e+03 9.424336e+03 9.456628e+03 9.501203e+03
0.5 9.424044e+03 9.424676e+03 9.452740e+03 9.452109e+03
1.5 9.499206e+03 9.507769e+03 9.451718e+03 9.443155e+03
2.5 9.492156e+03 9.540095e+03 9.456763e+03 9.408824e+03
3.5 9.495675e+03 9.507248e+03 9.459573e+03 9.448000e+03
4.5 9.480995e+03 9.468328e+03 9.459061e+03 9.471728e+03
5.5 9.465575e+03 9.444385e+03 9.457902e+03 9.479092e+03
6.5 9.437587e+03 9.433027e+03 9.457109e+03 9.461669e+03
7.5 9.410938e+03 9.428797e+03 9.456711e+03 9.438851e+03
8.5 9.405740e+03 9.427566e+03 9.456549e+03 9.434723e+03
