9.362324e+03 9.417922e+03 9.410934e+03 9.369312e+03
9.515259e+03 9.501335e+03 9.496644e+03 9.519950e+03
9.605981e+03 9.528764e+03 9.529084e+03 9.605661e+03
9.466781e+03 9.493196e+03 9.496333e+03 9.463644e+03
9.343801e+03 9.454774e+03 9.457408e+03 9.341168e+03
9.422160e+03 9.431877e+03 9.433360e+03 9.420677e+03
9.497570e+03 9.421127e+03 9.421822e+03 9.496875e+03
9.466890e+03 9.417051e+03 9.417352e+03 9.466588e+03
9.448952e+03 9.415687e+03 9.415831e+03 9.448808e+03
9.430886e+03 9.415359e+03 9.413915e+03 9.432330e+03
9.414859e+03 9.451518e+03 9.446761e+03 9.419616e+03
9.529543e+03 9.528782e+03 9.525926e+03 9.532400e+03
9.553417e+03 9.518464e+03 9.520660e+03 9.551222e+03
9.484301e+03 9.476531e+03 9.479672e+03 9.481160e+03
9.395952e+03 9.444725e+03 9.446822e+03 9.393855e+03
9.343556e+03 9.428099e+03 9.429167e+03 9.342487e+03
9.383291e+03 9.420934e+03 9.421421e+03 9.382804e+03
9.441551e+03 9.418200e+03 9.418423e+03 9.441328e+03
9.396316e+03 9.417344e+03 9.417343e+03 9.396317e+03
9.390718e+03 9.419913e+03 9.416549e+03 9.394083e+03
9.524587e+03 9.498483e+03 9.493649e+03 9.529421e+03
9.582296e+03 9.534197e+03 9.534101e+03 9.582392e+03
9.452619e+03 9.500066e+03 9.503180e+03 9.449505e+03
9.408540e+03 9.460606e+03 9.463332e+03 9.405814e+03
9.471733e+03 9.436461e+03 9.438020e+03 9.470174e+03
9.488959e+03 9.425052e+03 9.425795e+03 9.488216e+03
9.442294e+03 9.420421e+03 9.420757e+03 9.441959e+03
9.422134e+03 9.418744e+03 9.418908e+03 9.421970e+03
9.432938e+03 9.418202e+03 9.417038e+03 9.434102e+03
9.465444e+03 9.447921e+03 9.443317e+03 9.470048e+03
9.620231e+03 9.528073e+03 9.524830e+03 9.623475e+03
9.561986e+03 9.524017e+03 9.525933e+03 9.560070e+03
9.474619e+03 9.482326e+03 9.485543e+03 9.471402e+03
9.385059e+03 9.448354e+03 9.450582e+03 9.382831e+03
9.415684e+03 9.430732e+03 9.431864e+03 9.414551e+03
9.399393e+03 9.423000e+03 9.423520e+03 9.398872e+03
9.423017e+03 9.420003e+03 9.420243e+03 9.422777e+03
9.437805e+03 9.418950e+03 9.419044e+03 9.437711e+03
9.439966e+03 9.419432e+03 9.416417e+03 9.442981e+03
9.446407e+03 9.491841e+03 9.486911e+03 9.451337e+03
9.465251e+03 9.536115e+03 9.535478e+03 9.465887e+03
9.483548e+03 9.506170e+03 9.509155e+03 9.480563e+03
9.440315e+03 9.465465e+03 9.468318e+03 9.437461e+03
9.399152e+03 9.439444e+03 9.441138e+03 9.397457e+03
9.383195e+03 9.426663e+03 9.427484e+03 9.382374e+03
9.402413e+03 9.421550e+03 9.421914e+03 9.402048e+03
9.416073e+03 9.419645e+03 9.419822e+03 9.415896e+03
9.466801e+03 9.418993e+03 9.418163e+03 9.467631e+03
9.471364e+03 9.440920e+03 9.436498e+03 9.475786e+03
9.504434e+03 9.524697e+03 9.521037e+03 9.508093e+03
9.414437e+03 9.526919e+03 9.528545e+03 9.412811e+03
9.361259e+03 9.485730e+03 9.488946e+03 9.358042e+03
9.393815e+03 9.451211e+03 9.453513e+03 9.391513e+03
9.388107e+03 9.432336e+03 9.433549e+03 9.386894e+03
9.452826e+03 9.423919e+03 9.424481e+03 9.452264e+03
9.461474e+03 9.420606e+03 9.420866e+03 9.461214e+03
9.453248e+03 9.419396e+03 9.419522e+03 9.453122e+03
9.435708e+03 9.419270e+03 9.416618e+03 9.438360e+03
9.516890e+03 9.483706e+03 9.478760e+03 9.521836e+03
9.595898e+03 9.536489e+03 9.535327e+03 9.597060e+03
9.593962e+03 9.510434e+03 9.513315e+03 9.591081e+03
9.562139e+03 9.468186e+03 9.471150e+03 9.559175e+03
9.486604e+03 9.441054e+03 9.442816e+03 9.484841e+03
9.453005e+03 9.427728e+03 9.428590e+03 9.452143e+03
9.441861e+03 9.422152e+03 9.422544e+03 9.441469e+03
9.445485e+03 9.420053e+03 9.420242e+03 9.445296e+03
9.535102e+03 9.419326e+03 9.418785e+03 9.535644e+03
9.487225e+03 9.434486e+03 9.430279e+03 9.491432e+03
9.517813e+03 9.520084e+03 9.515999e+03 9.521897e+03
9.586225e+03 9.530629e+03 9.531839e+03 9.585015e+03
9.513102e+03 9.490887e+03 9.494110e+03 9.509879e+03
9.408603e+03 9.454658e+03 9.457109e+03 9.406152e+03
9.383853e+03 9.433890e+03 9.435211e+03 9.382532e+03
9.403932e+03 9.424791e+03 9.425393e+03 9.403330e+03
9.390910e+03 9.421185e+03 9.421460e+03 9.390634e+03
9.364846e+03 9.419888e+03 9.420032e+03 9.364702e+03
9.392480e+03 9.419426e+03 9.417243e+03 9.394662e+03
9.426491e+03 9.473114e+03 9.468192e+03 9.431413e+03
9.492362e+03 9.536285e+03 9.534490e+03 9.494157e+03
9.553293e+03 9.514803e+03 9.517472e+03 9.550624e+03
9.554294e+03 9.472913e+03 9.475934e+03 9.551273e+03
9.498101e+03 9.443967e+03 9.445855e+03 9.496212e+03
9.418279e+03 9.429427e+03 9.430367e+03 9.417339e+03
9.351917e+03 9.423199e+03 9.423624e+03 9.351492e+03
9.458516e+03 9.420950e+03 9.421145e+03 9.458321e+03
9.411490e+03 9.420207e+03 9.419899e+03 9.411799e+03
9.389704e+03 9.429857e+03 9.425894e+03 9.393667e+03
9.478615e+03 9.515291e+03 9.510873e+03 9.483032e+03
9.551611e+03 9.533953e+03 9.534785e+03 9.550779e+03
9.545636e+03 9.494953e+03 9.498179e+03 9.542410e+03
9.475870e+03 9.457826e+03 9.460337e+03 9.473359e+03
9.441141e+03 9.436472e+03 9.437842e+03 9.439770e+03
9.406746e+03 9.426737e+03 9.427374e+03 9.406109e+03
9.399553e+03 9.422914e+03 9.423198e+03 9.399269e+03
9.388074e+03 9.421592e+03 9.421731e+03 9.387935e+03
9.430444e+03 9.421223e+03 9.419313e+03 9.432354e+03
9.417410e+03 9.468339e+03 9.463473e+03 9.422276e+03
9.490520e+03 9.536877e+03 9.534631e+03 9.492766e+03
9.556202e+03 9.520689e+03 9.523134e+03 9.553757e+03
9.459452e+03 9.478689e+03 9.481787e+03 9.456354e+03
9.475475e+03 9.447902e+03 9.449891e+03 9.473486e+03
9.464267e+03 9.432747e+03 9.433715e+03 9.463299e+03
9.450288e+03 9.426404e+03 9.426831e+03 9.449861e+03
9.468911e+03 9.424150e+03 9.424336e+03 9.468725e+03
9.438086e+03 9.423552e+03 9.423439e+03 9.438199e+03
9.424044e+03 9.428378e+03 9.424676e+03 9.427746e+03
9.499206e+03 9.512492e+03 9.507769e+03 9.503930e+03
9.492156e+03 9.539774e+03 9.540095e+03 9.491835e+03
9.495675e+03 9.504117e+03 9.507248e+03 9.492544e+03
9.480995e+03 9.465709e+03 9.468328e+03 9.478376e+03
9.465575e+03 9.442924e+03 9.444385e+03 9.464114e+03
9.437587e+03 9.432360e+03 9.433027e+03 9.436919e+03
9.410938e+03 9.428528e+03 9.428797e+03 9.410669e+03
9.405740e+03 9.427459e+03 9.427566e+03 9.405633e+03
9.422993e+03 9.427472e+03 9.427533e+03 9.422932e+03
