1.002500e+04 1.010560e+04 1.016661e+04 9.963988e+03
1.041748e+04 1.027870e+04 1.031965e+04 1.037652e+04
1.043316e+04 1.033562e+04 1.033283e+04 1.043596e+04
1.018977e+04 1.026181e+04 1.023442e+04 1.021716e+04
1.008143e+04 1.018207e+04 1.015908e+04 1.010442e+04
1.011923e+04 1.013456e+04 1.012162e+04 1.013218e+04
1.027599e+04 1.011225e+04 1.010618e+04 1.028206e+04
1.018625e+04 1.010379e+04 1.010116e+04 1.018888e+04
1.009437e+04 1.010096e+04 1.009970e+04 1.009563e+04
1.014920e+04 1.010028e+04 1.011288e+04 1.013660e+04
1.008311e+04 1.017532e+04 1.021685e+04 1.004157e+04
1.031954e+04 1.033566e+04 1.036060e+04 1.029460e+04
1.024840e+04 1.031425e+04 1.029508e+04 1.026756e+04
1.020013e+04 1.022723e+04 1.019981e+04 1.022755e+04
1.008216e+04 1.016122e+04 1.014291e+04 1.010047e+04
9.925172e+03 1.012672e+04 1.011739e+04 9.934502e+03
1.007224e+04 1.011185e+04 1.010760e+04 1.007650e+04
1.009761e+04 1.010618e+04 1.010423e+04 1.009955e+04
1.002975e+04 1.010440e+04 1.010441e+04 1.002973e+04
1.003231e+04 1.010973e+04 1.013910e+04 1.000294e+04
1.038840e+04 1.027278e+04 1.031499e+04 1.034620e+04
1.040485e+04 1.034690e+04 1.034773e+04 1.040402e+04
1.024940e+04 1.027607e+04 1.024888e+04 1.027659e+04
1.016448e+04 1.019418e+04 1.017038e+04 1.018828e+04
1.020828e+04 1.014407e+04 1.013046e+04 1.022189e+04
1.023624e+04 1.012039e+04 1.011391e+04 1.024273e+04
1.015244e+04 1.011078e+04 1.010786e+04 1.015537e+04
1.013813e+04 1.010730e+04 1.010587e+04 1.013956e+04
1.024701e+04 1.010618e+04 1.011634e+04 1.023684e+04
1.028465e+04 1.016785e+04 1.020805e+04 1.024446e+04
1.050304e+04 1.033419e+04 1.036251e+04 1.047472e+04
1.030260e+04 1.032577e+04 1.030905e+04 1.031933e+04
1.012512e+04 1.023925e+04 1.021116e+04 1.015321e+04
1.001849e+04 1.016875e+04 1.014930e+04 1.003794e+04
1.008766e+04 1.013218e+04 1.012229e+04 1.009754e+04
1.007773e+04 1.011613e+04 1.011159e+04 1.008227e+04
1.013291e+04 1.010992e+04 1.010782e+04 1.013501e+04
1.018606e+04 1.010773e+04 1.010691e+04 1.018688e+04
1.014131e+04 1.010873e+04 1.013505e+04 1.011499e+04
1.040346e+04 1.025900e+04 1.030204e+04 1.036042e+04
1.026143e+04 1.035088e+04 1.035644e+04 1.025587e+04
1.021754e+04 1.028873e+04 1.026268e+04 1.024360e+04
1.015552e+04 1.020426e+04 1.017935e+04 1.018043e+04
1.011829e+04 1.015026e+04 1.013547e+04 1.013308e+04
1.000744e+04 1.012374e+04 1.011658e+04 1.001461e+04
1.008776e+04 1.011313e+04 1.010994e+04 1.009094e+04
1.009393e+04 1.010917e+04 1.010762e+04 1.009548e+04
1.020615e+04 1.010782e+04 1.011507e+04 1.019890e+04
1.024822e+04 1.015332e+04 1.019193e+04 1.020962e+04
1.038744e+04 1.032718e+04 1.035913e+04 1.035549e+04
1.014120e+04 1.033179e+04 1.031759e+04 1.015540e+04
1.010830e+04 1.024632e+04 1.021824e+04 1.013638e+04
1.015499e+04 1.017468e+04 1.015459e+04 1.017508e+04
1.014433e+04 1.013551e+04 1.012492e+04 1.015492e+04
1.019102e+04 1.011804e+04 1.011314e+04 1.019593e+04
1.019715e+04 1.011117e+04 1.010890e+04 1.019942e+04
1.016576e+04 1.010866e+04 1.010756e+04 1.016686e+04
1.010806e+04 1.010839e+04 1.013154e+04 1.008491e+04
1.039961e+04 1.024212e+04 1.028529e+04 1.035643e+04
1.035715e+04 1.035165e+04 1.036180e+04 1.034701e+04
1.026588e+04 1.029758e+04 1.027242e+04 1.029104e+04
1.033152e+04 1.020991e+04 1.018404e+04 1.035739e+04
1.008048e+04 1.015360e+04 1.013821e+04 1.009587e+04
1.006958e+04 1.012595e+04 1.011842e+04 1.007711e+04
1.010836e+04 1.011438e+04 1.011096e+04 1.011178e+04
1.007927e+04 1.011002e+04 1.010838e+04 1.008091e+04
1.015788e+04 1.010851e+04 1.011324e+04 1.015315e+04
1.012737e+04 1.013997e+04 1.017670e+04 1.009064e+04
1.030995e+04 1.031761e+04 1.035327e+04 1.027429e+04
1.032068e+04 1.033949e+04 1.032893e+04 1.033124e+04
1.021304e+04 1.025702e+04 1.022888e+04 1.024118e+04
9.983479e+03 1.018183e+04 1.016044e+04 1.000488e+04
1.004961e+04 1.013874e+04 1.012720e+04 1.006114e+04
1.007874e+04 1.011985e+04 1.011459e+04 1.008399e+04
1.005153e+04 1.011237e+04 1.010996e+04 1.005393e+04
1.000372e+04 1.010968e+04 1.010843e+04 1.000498e+04
1.003087e+04 1.010872e+04 1.012778e+04 1.001181e+04
1.027992e+04 1.022013e+04 1.026310e+04 1.023696e+04
1.023738e+04 1.035123e+04 1.036690e+04 1.022171e+04
1.034438e+04 1.030665e+04 1.028335e+04 1.036768e+04
1.039480e+04 1.021972e+04 1.019334e+04 1.042118e+04
1.027342e+04 1.015965e+04 1.014316e+04 1.028991e+04
1.015489e+04 1.012947e+04 1.012127e+04 1.016309e+04
1.010075e+04 1.011655e+04 1.011284e+04 1.010446e+04
1.022782e+04 1.011188e+04 1.011018e+04 1.022952e+04
1.021975e+04 1.011034e+04 1.011303e+04 1.021706e+04
1.007691e+04 1.013037e+04 1.016496e+04 1.004231e+04
1.031860e+04 1.030766e+04 1.034623e+04 1.028003e+04
1.037177e+04 1.034639e+04 1.033913e+04 1.037903e+04
1.035577e+04 1.026546e+04 1.023729e+04 1.038394e+04
1.022892e+04 1.018841e+04 1.016649e+04 1.025084e+04
1.015389e+04 1.014409e+04 1.013213e+04 1.016586e+04
1.016377e+04 1.012389e+04 1.011833e+04 1.016933e+04
1.003985e+04 1.011596e+04 1.011348e+04 1.004233e+04
1.008639e+04 1.011321e+04 1.011200e+04 1.008761e+04
1.020398e+04 1.011245e+04 1.012913e+04 1.018730e+04
1.009995e+04 1.021023e+04 1.025271e+04 1.005746e+04
1.031575e+04 1.035246e+04 1.037207e+04 1.029614e+04
1.038582e+04 1.031886e+04 1.029752e+04 1.040717e+04
1.026182e+04 1.023170e+04 1.020465e+04 1.028888e+04
1.015511e+04 1.016781e+04 1.015045e+04 1.017247e+04
1.011513e+04 1.013636e+04 1.012791e+04 1.012358e+04
1.012492e+04 1.012320e+04 1.011947e+04 1.012865e+04
1.023372e+04 1.011852e+04 1.011690e+04 1.023534e+04
1.017289e+04 1.011728e+04 1.011827e+04 1.017190e+04
1.015341e+04 1.012730e+04 1.015961e+04 1.012109e+04
1.042515e+04 1.030185e+04 1.034310e+04 1.038391e+04
1.027914e+04 1.035847e+04 1.035567e+04 1.028194e+04
1.025392e+04 1.028447e+04 1.025714e+04 1.028126e+04
1.014598e+04 1.020477e+04 1.018190e+04 1.016885e+04
1.015493e+04 1.015748e+04 1.014473e+04 1.016769e+04
1.005696e+04 1.013556e+04 1.012973e+04 1.006278e+04
1.002519e+04 1.012761e+04 1.012526e+04 1.002753e+04
1.008524e+04 1.012539e+04 1.012445e+04 1.008618e+04
1.013088e+04 1.012542e+04 1.012488e+04 1.013141e+04
