0.00124477  0.000348982  5.29396e-23  0.0220895  -2.15297e-05  0.0499613  
0.00151628  0.000452274  -0.000147072  0.0193629  0.00013587  0.0661053  
0.00151628  0.000510013  -0.000293898  0.0115903  -0.0495529  0.0528295  
0.00129036  -0.000112474  0.000378936  2.94045  -0.0121775  0.0634175  
0.000839114  -0.000755622  0.000132581  2.97173  0.0588639  0.0500623  
0.00111236  -0.000409795  -8.87498e-05  0.110874  -0.0532487  0.0805404  
0.00161259  3.08915e-05  -0.000328681  0.0971448  -0.0518908  0.0715306  
0.00166323  -5.03677e-06  -3.44944e-06  0.0464434  -0.0161273  0.0321137  
0.00102367  0.000122159  -0.000499713  0.0286474  0.00594793  0.0321507  
0.00142875  -0.000297848  -0.000563194  0.0286509  0.0204352  0.0620005  
0.00235838  0.000122159  -0.000909481  0.0286329  0.0123419  0.0636676  
0.00205691  -0.000574041  -0.000909481  0.0379601  -0.0128574  0.0174504  
0.000937034  -0.00028657  0.000677572  0.00407477  0.0580002  0.0160543  
0.00096197  -0.000703181  0.000609043  -0.000868008  0.0168712  0.0708596  
0.000747656  -0.000948346  0.000290918  -0.00087087  -0.086017  0.0184535  
0.000103328  -0.000504052  0.000403546  0.00936853  0.0147836  0.068723  
0.000893219  -0.00102555  0.000130256  0.019137  -0.0139612  0.0787363  
0.00180924  -0.000631194  0.000237259  0.0452601  -0.0138599  0.0704671  
0.00141765  -0.000697629  0.000217358  0.0493892  0.00177196  0.0657816  
0.00147635  -2.46809e-06  0.000217358  0.0493717  0.0285994  0.0557631  
0.00122707  0.000224625  -9.73986e-06  0.0493739  0.00135223  0.0391076  
0.00176206  -0.000332151  -5.35799e-05  0.0174955  0.00383324  0.0440692  
0.00156007  -0.000332151  -4.17583e-05  0.022272  0.0763221  0.0462437  
0.000768195  0.000457623  -0.000296398  -0.0502595  0.0398986  0.034202  
0.000984793  -0.000386639  -0.000126207  -0.0213018  -0.0566971  0.0826557  
0.00140475  -0.000590974  -0.000250838  0.0635343  -0.076285  0.083438  
0.000655787  -0.00136882  -0.000647377  -0.0280413  0.0218373  0.038216  
0.000571935  -0.000876098  -0.000902806  -0.0166533  -0.0431502  0.0275404  
-0.000578836  -0.00130161  0.000188809  0.0177059  -0.0311831  -0.0063462  
0.000807996  -0.00100877  0.000136677  0.0615862  -0.0311309  0.0402773  
0.00154295  -0.000839629  0.000252783  0.0615593  -0.0311009  0.0773458  
0.000589877  -0.000548859  0.000619519  0.0141443  0.00570213  0.0143671  
0.0024084  -0.000679698  0.0007621  0.0404415  0.018359  0.122793  
0.000891855  -0.0001847  0.000118361  0.0502602  0.00584879  0.0724558  
0.00113652  -0.000355067  0.000106923  0.0522084  -0.0208312  0.0371077  
0.00101962  -0.000175594  3.34616e-05  0.0142928  -0.0348722  0.117264  
0.000259608  -9.30978e-05  0.000313564  0.0212373  -0.0349103  0.0278353  
0.000849906  -0.000306291  0.000122232  0.0314014  -0.0348731  0.0619984  
0.0019053  -2.92561e-05  0.000122232  0.0357616  -0.0515516  0.0330128  
0.00116179  -0.000175594  0.000572392  0.0273766  0.00805311  0.0606159  
0.00107591  -0.000357897  0.000597298  0.0556665  -0.0191769  0.0421553  
0.000861603  5.29555e-05  0.000956911  0.0741021  -0.0356902  0.0736104  
0.00138302  -0.000150824  0.000736618  0.00573462  0.0147298  0.0751455  
0.00120608  -0.000291513  -0.000584584  0.000279406  -0.0463485  0.0643904  
0.00106328  -0.00054615  0.000498038  -0.00660552  0.0218405  0.0484792  
0.00124154  -0.000269552  0.000594998  -0.0165128  -0.0239607  0.103846  
0.00103155  0.000125752  0.000798148  0.0104748  0.0231154  0.0561514  
0.00138968  -0.000193231  0.000682705  -0.0014404  -0.00691575  0.033801  
0.00155638  0.000230901  -0.000108255  0.020123  0.012205  0.0794709  
0.00164804  -0.000145874  0.000242325  -0.00392207  -0.0327347  0.0314757  
0.00020434  0.000124528  -0.000165732  0.00140657  0.0201535  0.0213343  
0.000612419  -0.000321279  0.000191139  0.00715799  -0.00619586  0.0237687  
0.00127661  3.93278e-05  -0.0001507  0.0245111  -0.0229754  0.0408451  
0.000570063  -0.000183137  0.000311433  0.00357014  -0.0271426  0.00795119  
0.00106503  0.000326111  -0.000503965  0.00366579  -0.0271299  0.0133482  
0.00166278  -0.000530282  -1.22194e-05  0.00375757  -0.000642772  0.0802782  
0.00129051  5.5624e-05  -0.000284069  0.00368848  -0.00796294  0.0660155  
9.93501e-05  7.35702e-05  7.99923e-05  0.00368229  0.000806744  -0.00379272  
0.00157467  0.000152303  -0.000263399  0.00369466  0.050251  0.0564956  
0.00133218  -0.000217589  -0.000271794  0.00369464  0.0414806  0.088111  
0.00149774  -0.000238775  -0.000282264  -0.0144442  -0.0398686  0.0229992  
0.00225618  -5.97342e-05  -0.000503965  0.0148794  -0.0299985  0.132182  
0.00119369  1.16869e-06  -0.000503965  0.0135097  -0.0524388  0.0570569  
0.001225  -0.000302769  -0.000503965  0.00645748  -0.0294366  0.0221568  
0.00195362  -0.000585389  0.000107893  0.00267716  0.0420965  0.103178  
0.0014681  -5.1863e-07  -5.58829e-05  -0.0144599  -0.012317  0.116702  
0.000878179  -3.84437e-05  4.88638e-05  -0.0407718  -0.0333115  0.0487675  
0.00115009  -0.000333232  -0.000182195  -0.0160665  0.00134837  0.0635267  
0.000367854  -0.000308935  -0.000218587  0.0273264  -0.0152286  0.0459775  
0.0014492  -3.84437e-05  4.88638e-05  -0.0452644  -0.0314153  0.0534906  
0.000524756  -0.000349346  4.88638e-05  0.00427811  -0.0315021  0.0757848  
0.00109723  1.71257e-05  4.88638e-05  0.0283936  -0.049794  0.0515047  
0.000754811  -0.000119197  4.88638e-05  0.0359775  -0.0554504  0.0527979  
0.000692161  -0.000440552  0.000362434  0.0529684  -0.055456  0.0553765  
0.00107215  -0.000440552  0.000450543  0.0564866  -0.0744245  0.0596935  
0.000766752  -0.000440552  0.000593431  0.00304198  -0.0939897  0.0758106  
0.000207362  -0.000440552  0.000809168  0.00847685  0.0351094  0.0646681  
0.000804996  -0.000440552  0.000887603  0.0111218  0.0274833  0.0823109  
0.000891153  0.000197989  -0.000455608  0.000947433  -0.0211495  0.0596226  
0.000726279  0.000138372  0.000171587  -0.0325724  0.00638358  0.0596241  
0.000790143  -0.000203024  0.000191239  -0.0213931  -0.0231006  0.0695343  
0.0014107  -0.000203024  0.000526531  0.0296479  -0.0364867  0.0596514  
0.00131227  -0.000662547  0.000645402  0.0252111  -0.0526074  0.0889929  
0.000765324  0.000279944  0.000526531  0.0685837  0.00780473  0.0843038  
0.00148705  -0.000343868  0.00113051  0.00714863  -0.121044  0.069857  
0.000934023  -4.4836e-05  0.00113434  0.0295025  -0.0500684  0.0597159  
0.00111589  8.89758e-05  8.00352e-05  0.0493622  0.0632597  0.0170625  
0.000310546  -0.000420044  -0.000256329  0.0417958  -0.0524977  0.0522571  
0.000227082  -0.000283265  -0.000472933  -0.0366723  -0.0357073  0.110376  
-7.5459e-06  0.000375173  -0.000472932  0.0350463  -0.0486072  0.0996477  
0.000968521  -0.00031423  0.000824757  0.0349119  -0.0650454  0.050267  
0.00183593  0.00011651  0.000824757  0.0185905  -0.0944548  0.066966  
0.0022488  -0.000303566  0.000824757  0.0344485  -0.0262997  0.0369263  
0.0011582  -0.000881021  0.000824757  0.0648335  -0.0263899  0.0395022  
0.00072662  -0.000754089  0.00110002  0.0703434  -0.026463  0.0699889  
0.00168127  -0.000278397  0.000594901  0.0365051  -0.0262846  0.0869028  
0.00105788  -0.000568991  0.000626728  0.0365433  -0.0408921  0.0715118  
0.000701554  8.24855e-05  0.000824757  0.0364666  -0.00939355  0.0415595  
0.00121913  0.00014811  0.00032115  0.036428  -0.0527937  0.0606706  
0.00100415  0.000178221  0.000795042  0.00116816  0.0377828  0.0372641  
0.000659203  0.00024171  0.000848642  -0.0168938  -0.0611459  0.0372206  
0.000898898  0.000175857  0.000575436  -0.0248892  -0.0611489  0.037254  
0.000766788  0.000175857  0.00038757  -0.0428282  -0.0160539  0.0235977  
0.000951488  0.000175857  0.000454798  -0.0288093  -0.0546623  0.0449839  
0.000494192  0.000175857  0.00038757  -0.0449354  -0.0345529  0.0768474  
0.000898898  0.000175857  0.00038757  -0.0449354  -0.0366367  0.059127  
0.0011913  0.000175857  0.000200561  -0.0376242  -0.0556691  0.114058  
0.000898898  0.000295026  0.000175263  -0.0257787  -0.0452476  0.0221451  
0.00119422  0.000566888  6.4662e-05  -0.0449511  -0.0200212  0.0300412  
0.00118955  0.000995491  0.000181477  -0.0227731  -0.0401616  0.129707  
0.000682708  0.000816714  -4.71351e-05  -0.045002  -0.0372907  0.0749439  
0.00108493  0.000944282  -4.71351e-05  -0.0638546  -0.0200319  0.0516091  
0.000488381  0.00064385  -0.000567953  -0.0244319  -0.00656968  0.108151  
0.000898898  0.000490108  -0.000237061  -0.00911885  -0.0200656  0.0854129  
0.000547892  0.000364348  0.000759499  -0.0112691  -0.0628509  0.0729303  
