0.000340515  -0.000739324  0.00028518  2.89434e-05  0.0924136  -0.0179279  
0  -0.000563256  0.000187019  -0.00338896  0.0837506  -0.0314243  
0.000176013  -0.000480964  -9.65631e-05  -0.0034563  0.0949794  -0.0255456  
0.00116676  -0.000305673  -0.000676553  -0.017938  0.0978484  -0.0576969  
0.00102772  -0.000511959  -0.000484457  -0.0226444  0.110304  -0.0681308  
0.000890292  -0.000606683  -0.000504056  -0.0146419  0.0569882  0.00327397  
0.000245688  -0.000390071  -0.000473106  -0.0259662  0.0913088  -0.00441008  
0.000623163  -0.000443723  -0.000142824  -0.0276597  0.0921115  -0.0168812  
0.000920394  -0.00032932  -0.000151325  -0.0305673  0.126343  0.0132777  
0.000740041  -0.000185295  -7.36759e-05  -4.5513e-05  0.0736075  -0.00239451  
-0.000316658  -5.24599e-06  -0.000523327  -0.0495938  0.0485181  0.0288758  
0.000100447  3.61935e-05  -0.000625426  -0.00745456  0.112156  -0.00066625  
0.000837326  3.18191e-05  -6.94056e-05  -0.0316503  0.0485001  -0.0228075  
0.000305639  -9.92066e-05  4.0668e-05  -0.0344334  0.0603615  -0.00548207  
0.000305639  -0.000479578  -0.00039266  -4.16876e-05  0.0937442  -0.022699  
0.000490093  -0.00049055  4.0668e-05  -2.43782e-05  0.078703  0.0277601  
1.63039e-05  -0.000807162  -0.000349502  -0.0032766  0.00786463  0.0182534  
0.00368344  -0.00104391  -0.00066533  0.0365902  -0.0163342  -0.0524569  
0.00406661  0.000100792  -0.00135019  -0.0533191  0.196962  -0.160767  
-0.000138364  0.000314685  -0.00157379  -0.0838822  0.245246  -0.00295038  
0.000788697  0.000799053  -0.00074686  -0.0268318  0.0586286  0.0338574  
5.95185e-05  1.75042e-06  0.000267618  -0.0314483  0.058707  -0.0266488  
0.000270879  0.000384815  -0.000147536  -0.0462439  0.0397767  -0.0348542  
0.000275433  1.75042e-06  1.20723e-05  -0.0583236  0.0291542  -0.0216738  
-0.000221788  0.000239067  -3.2465e-05  -0.00109169  0.00184828  0.00382365  
-0.000207542  -4.85148e-05  3.16172e-05  0.00943607  0.0207539  -0.0100114  
-0.000640236  -0.000310595  0.000353074  0.0126299  0.0468672  -0.0289346  
6.44648e-05  -0.000246093  0.000434044  0.0185228  0.0784725  -0.0592744  
-0.000231552  -0.000331164  0.000434044  0.0241758  0.108714  -0.0400854  
0.000209237  -0.000126522  0.000434044  0.0185543  0.108686  -0.000669983  
-4.04155e-05  1.75042e-06  0.000299472  0.018553  0.0419683  -0.0628138  
-0.000410067  1.75042e-06  1.93321e-05  0.00681039  0.10634  0.00194392  
-0.000146656  1.75042e-06  -0.000385201  -0.00330029  0.0756942  -0.0301291  
-0.000174437  0.000425872  -0.000642298  -0.0151121  0.0314547  0.0159242  
-0.000561007  1.75042e-06  0.000349875  -0.020438  0.0497418  0.00439496  
-0.000772626  -0.000430948  0.000418465  -0.0153269  0.0211638  0.0107173  
-0.00050721  -0.000248989  0.000712332  -6.69327e-05  0.0523696  0.00862358  
-0.000854563  -0.000354408  0.00028594  -0.000134867  0.0880811  0.0021505  
-0.000506412  -1.07393e-07  0.00028594  -0.00550653  0.0901604  0.0436908  
-0.00067936  -5.36928e-06  0.00028594  -0.000131059  0.0757243  0.0205623  
6.80395e-05  4.26194e-05  0.00028594  -0.000157033  0.0737198  -0.0570111  
-0.000718637  -8.26842e-05  0.00028594  -0.00017126  0.110308  0.0286113  
5.42851e-05  0.000339315  0.00028594  -0.00222817  0.0602684  0.0253396  
-0.000520044  6.97311e-05  0.00028594  -0.0001629  0.0637182  -0.00134522  
-0.000311485  2.63223e-05  9.72139e-05  -0.00752574  0.067642  -0.0330973  
-0.000522785  0.0003158  -0.000116072  -0.00019531  0.0344647  -0.00134458  
-5.13175e-05  2.63223e-05  -0.00015231  -0.0146137  0.0775845  -0.0437258  
-0.000415032  0.000575739  -0.00015231  -0.0146414  -0.00595588  -0.0241183  
-0.000313073  7.8463e-05  -0.00015231  -0.03651  0.0925613  -0.00454933  
-0.000794381  0.000303434  -0.000371255  -0.0280281  0.0805156  0.0174975  
-0.000257018  9.47582e-05  0.000244576  0.00399997  0.0608572  0.00852616  
-0.000130159  0.000218276  0.000181035  -0.0556643  0.12963  0.0222765  
-0.000961997  0.000218276  0.000181035  0.00124166  0.0828826  0.0379347  
-0.000504206  9.10533e-05  -0.000225693  -0.0187784  0.0181615  0.0519253  
0.000949509  0.000218276  -0.000225693  -0.0123327  0.0995223  -0.0167374  
-0.000683857  -0.000189645  -4.34243e-05  -0.00582929  0.0364101  -0.0166956  
0.000278669  -0.000123963  6.20162e-05  -0.0004006  0.0338854  0.00229418  
5.15351e-05  -3.59396e-05  2.97023e-05  0.00149093  0.00364949  -0.00186632  
3.43804e-06  0.000218276  -2.60597e-05  -0.00578522  0.00365337  0.00479925  
-3.85366e-05  0.000218276  8.19965e-05  -0.0057474  0.0625391  0.000955281  
0.000398216  0.000147934  -0.000225693  -0.0057878  0.0990265  -0.0181423  
5.9189e-05  0.000218276  -6.10686e-07  0.00559804  0.090299  -0.0181183  
-0.000517869  -5.95597e-05  -0.000225693  -0.0206539  0.079697  -0.0232882  
0.000833862  0.000218276  -0.000225693  -0.00578112  0.0711489  -0.0181638  
-0.000492494  0.000218276  -0.000225693  -0.00578112  0.133389  -0.0118222  
-0.000492494  9.3618e-05  -0.000322853  -0.0126056  0.0680432  -0.0302574  
0.000200543  0.000218276  -0.000225693  -0.00578112  0.0214299  0.00673237  
3.96179e-05  0.000218276  -0.000368488  -0.00579517  0.138748  -0.0270992  
-0.00126713  -2.89098e-05  -0.000636493  -0.00581527  0.049107  -0.00986605  
0.000545377  0.000218276  0.000216265  -0.0184686  0.00236536  -0.0180467  
-0.000576085  0.000218276  0.000204459  -0.00574639  0.0547648  -0.0234257  
-0.00034129  -0.000182975  0.000338351  -0.0264907  0.095692  -0.0179546  
-0.00134609  -0.000196738  0.000332882  -0.0232697  0.0607027  0.00273157  
-0.000576085  0.000468276  6.58649e-05  -0.0457389  0.101873  0.00230635  
-0.000290472  0.000218276  0.000461929  -0.0273687  0.0403077  -0.000833271  
-0.000576085  -0.000243916  0.000720917  0.0249535  0.0666778  -0.0156823  
-0.000278456  -0.000224561  0.000603728  -0.015816  0.0751053  -0.000811118  
-0.000783044  0.000218276  0.000373534  0.0137678  0.0624709  0.0075867  
-0.00041158  0.000218276  0.000603728  -0.0185151  0.0758395  0.0103297  
-0.000576085  0.000218276  0.000199402  0.013454  0.015379  -0.000802212  
-3.70733e-05  0.000218276  0.000199402  -0.0313422  0.0648433  -0.0134229  
-5.73811e-07  0.000846375  8.25715e-06  -0.0178353  0.0270813  0.00394179  
0.000284491  0.000533421  -0.000146422  -0.0532852  0.0497112  -0.00095643  
-8.84899e-05  0.000218276  -0.000415248  -0.0313892  0.026989  -0.0597412  
0.000129955  0.000468276  -0.000244958  -0.0313557  0.0990301  -0.0194263  
-0.000509434  0.000218276  -0.000661559  -0.0431755  0.036921  0.0378961  
-0.000111522  0.000332611  -0.000978726  -0.00811642  0.00153401  -0.000195634  
-0.000311338  0.000279828  0.000154914  -0.00780334  0.0497479  -0.00643814  
4.1456e-05  0.000231797  0.000248167  -0.0030076  0.0804439  -0.0404991  
0.000722035  0.000208846  0.000287141  -0.006722  -0.0277792  -0.0199964  
-0.00110974  0.000196195  0.000129177  -0.00675834  0.0551141  0.00424086  
-0.000467794  -0.000391852  0.000129177  -0.00680101  0.165189  -0.000587851  
-0.00104734  0.000196195  0.000129177  -0.00675834  0.0204533  0.0153594  
-0.000625008  0.000196195  -0.000393796  -0.0199272  -0.00103851  0.0377425  
-0.000810696  0.000196195  -8.71042e-05  -0.0262754  0.0755999  0.0250644  
-0.00100194  0.000268123  -0.000202505  -0.028468  0.0755996  0.0077205  
-0.00100194  0.000196195  -0.000240808  -0.0284294  0.0384885  0.0359959  
-0.000516734  -0.000194643  -0.000393796  -0.0365244  0.119273  0.00469337  
-0.000409243  0.000196195  -0.000393796  -0.020987  0.0496735  -0.0308368  
-0.0006051  -0.000451275  -0.000144045  0.0214037  0.0923294  -0.0308779  
-0.000176825  0.000196195  -0.000393796  -0.0247439  0.05462  -0.0106446  
-0.00088308  -0.000219001  -0.000393796  0.0122546  -0.0322908  -0.0124899  
0.00010491  0.000248534  -0.000393796  -0.0329454  0.0796637  -0.0166162  
-0.00110914  -0.000205003  -0.000393796  -0.00510821  0.0883172  -0.0446513  
-0.000617337  0.000196195  -0.000393796  -0.00505685  0.0890817  0.00118365  
-0.000943185  -0.000293308  0.000145249  -0.00774198  0.0797746  -0.00667205  
-0.00036809  0.000196195  0.000295999  -0.00504883  0.0091714  0.0192549  
-0.0010817  -0.000307971  0.000295999  0.00846492  0.0417428  -0.00256997  
-0.000730322  0.000196195  0.000295999  0.0164186  0.0788306  -0.0112973  
-0.00013298  -0.000378902  0.000295999  -0.00509842  0.140773  -0.011419  
-0.000637843  0.000196195  0.000295999  -0.00504883  0.0532859  -0.0112866  
-0.000130515  0.000196195  -0.000152812  -0.0050369  -0.0230062  0.0226401  
-0.000793037  0.000196195  6.88535e-05  -0.00503465  0.027612  -0.0148024  
-0.000337462  -7.81762e-05  6.19826e-05  -0.00504975  0.0832119  0.00703704  
-0.00121429  -0  0  -0.00385777  0.047512  1.13062e-05  
